 <pre>

 Contingency table for Cloud base (m)
 Selection: ALL    143 stations
Period: 20191101-20191114
Used {12} + 03 06 09 12 15 18 21 24
 Limits    70.0000000       150.000000       300.000000       600.000000       1000.00000       1500.00000       2500.00000       5000.00000    
 Each class is data <= limit, the very last > last limit
 Total number of values       13029
                                                       OBSERVATION
                                    144      126       71       47       19       11        2        1        1 |       422
                                     45      120      112       72       24       14        4        1        0 |       392
                                     43      162      229      200       66       38        8        8        0 |       754
                                     50      124      444      902      512      254       53       34       13 |      2386
                       OCND2_T       30       65      184      600     1044      658      127      126       32 |      2866
                                     26       45       71      272      452      627       81       70       33 |      1677
                                     11       11       42      138      221      275      141       73       15 |       927
                                     16       21       35      108      159      155      102      190       18 |       804
                                     80       49      109      429      659      727      215      281      252 |      2801

                    SUM             445      723     1297     2768     3156     2759      733      784      364 |     13029
                                                       OBSERVATION
                                    170      156      101       70       20       27        6        4        3 |       557
                                     46      125      131       84       30       25        4        1        2 |       448
                                     37      139      259      228       77       56       11        6        1 |       814
                                     33      112      382      818      471      229       56       41       13 |      2155
                       OCND2_F       34       60      151      522      901      540       90       80       18 |      2396
                                     16       40       75      228      367      452       65       44       23 |      1310
                                      8       10       27      108      164      195       77       39        5 |       633
                                     24       25       52      212      305      300      161      282       30 |      1391
                                     77       56      119      498      821      935      263      287      269 |      3325

                    SUM             445      723     1297     2768     3156     2759      733      784      364 |     13029

