 <pre>

 Contingency table for Cloud base (m)
 Selection: ALL    143 stations
Period: 20191101-20191114
Used {00,12} + 03 06 09 12 15 18 21 24
 Limits    70.0000000       150.000000       300.000000       600.000000       1000.00000       1500.00000       2500.00000       5000.00000    
 Each class is data <= limit, the very last > last limit
 Total number of values       26159
                                                       OBSERVATION
                                    384      296      153      100       36       23        8        4        2 |      1006
                                    129      287      199      135       44       25        8        3        0 |       830
                                    100      343      524      425      134       70       15       15        6 |      1632
                                     90      305      909     1770     1060      507      110       80       28 |      4859
                       OCND2_T       64      138      350     1194     1999     1229      238      208       54 |      5474
                                     48       67      158      515      884     1237      165      131       55 |      3260
                                     26       33       84      303      445      594      289      130       21 |      1925
                                     30       36       65      217      328      351      213      397       43 |      1680
                                    164       92      196      815     1285     1444      413      577      507 |      5493

                    SUM            1035     1597     2638     5474     6215     5480     1459     1545      716 |     26159
                                                       OBSERVATION
                                    443      365      203      148       38       48       16       12        9 |      1282
                                    135      313      247      147       64       37        5        2        2 |       952
                                     86      305      572      465      167       99       21       15        2 |      1732
                                     64      251      756     1635      942      446      114       72       29 |      4309
                       OCND2_F       60      124      315     1038     1764     1045      174      172       36 |      4728
                                     34       67      164      446      695      914      124       78       40 |      2562
                                     16       28       66      201      314      403      162       77       11 |      1278
                                     41       43       93      404      627      625      355      549       63 |      2800
                                    156      101      222      990     1604     1863      488      568      524 |      6516

                    SUM            1035     1597     2638     5474     6215     5480     1459     1545      716 |     26159

