 <pre>

 Contingency table for Low clouds (octas)
 Selection: ALL    143 stations
Period: 20191101-20191114
Used {12} + 01 02 ... 24
 Limits    1.00000000       2.00000000       3.00000000       4.00000000       5.00000000       6.00000000       7.00000000    
 Each class is data <= limit, the very last > last limit
 Total number of values       40993
                                              OBSERVATION
                                   3333      820      647      506      480      452      774      399 |      7411
                                    550      219      207      157      161      151      276      124 |      1845
                                    389      201      183      167      129      137      236       98 |      1540
                       OCND2_T      331      172      173      141      141      121      275       98 |      1452
                                    295      167      157      164      136      142      277      120 |      1458
                                    325      214      187      160      151      161      347      117 |      1662
                                    468      309      290      231      252      275      579      218 |      2622
                                   1584     2176     2242     2143     2355     2826     6238     3439 |     23003

                    SUM            7275     4278     4086     3669     3805     4265     9002     4613 |     40993
                                              OBSERVATION
                                   3455      883      718      559      473      471      835      444 |      7838
                                    642      257      256      208      175      203      331      153 |      2225
                                    514      263      214      192      154      172      343      140 |      1992
                       OCND2_F      401      216      208      180      190      165      352      133 |      1845
                                    333      234      198      161      178      192      372      164 |      1832
                                    317      220      192      163      217      231      424      162 |      1926
                                    374      330      331      281      312      279      656      241 |      2804
                                   1239     1875     1969     1925     2106     2552     5689     3176 |     20531

                    SUM            7275     4278     4086     3669     3805     4265     9002     4613 |     40993

