 <pre>

 Contingency table for Cloud base (m)
 Selection: ALL    143 stations
Period: 20191101-20191114
Used {00} + 03 06 09 12 15 18 21 24
 Limits    70.0000000       150.000000       300.000000       600.000000       1000.00000       1500.00000       2500.00000       5000.00000    
 Each class is data <= limit, the very last > last limit
 Total number of values       13130
                                                       OBSERVATION
                                    240      170       82       53       17       12        6        3        1 |       584
                                     84      167       87       63       20       11        4        2        0 |       438
                                     57      181      295      225       68       32        7        7        6 |       878
                                     40      181      465      868      548      253       57       46       15 |      2473
                       OCND2_T       34       73      166      594      955      571      111       82       22 |      2608
                                     22       22       87      243      432      610       84       61       22 |      1583
                                     15       22       42      165      224      319      148       57        6 |       998
                                     14       15       30      109      169      196      111      207       25 |       876
                                     84       43       87      386      626      717      198      296      255 |      2692

                    SUM             590      874     1341     2706     3059     2721      726      761      352 |     13130
                                                       OBSERVATION
                                    273      209      102       78       18       21       10        8        6 |       725
                                     89      188      116       63       34       12        1        1        0 |       504
                                     49      166      313      237       90       43       10        9        1 |       918
                                     31      139      374      817      471      217       58       31       16 |      2154
                       OCND2_F       26       64      164      516      863      505       84       92       18 |      2332
                                     18       27       89      218      328      462       59       34       17 |      1252
                                      8       18       39       93      150      208       85       38        6 |       645
                                     17       18       41      192      322      325      194      267       33 |      1409
                                     79       45      103      492      783      928      225      281      255 |      3191

                    SUM             590      874     1341     2706     3059     2721      726      761      352 |     13130

