 <pre>

 Contingency table for Low clouds (octas)
 Selection: ALL    143 stations
Period: 20191101-20191114
Used {00,12} + 01 02 ... 24
 Limits    1.00000000       2.00000000       3.00000000       4.00000000       5.00000000       6.00000000       7.00000000    
 Each class is data <= limit, the very last > last limit
 Total number of values       82118
                                              OBSERVATION
                                   6733     1667     1257     1000      922      850     1635      819 |     14883
                                   1047      422      402      324      307      327      548      262 |      3639
                                    744      359      344      314      256      251      495      220 |      2983
                       OCND2_T      685      320      338      262      280      270      531      202 |      2888
                                    576      347      299      299      286      278      554      244 |      2883
                                    648      398      393      322      318      321      693      252 |      3345
                                    842      610      536      479      495      540     1126      446 |      5074
                                   3050     4345     4532     4271     4679     5645    12488     7413 |     46423

                    SUM           14325     8468     8101     7271     7543     8482    18070     9858 |     82118
                                              OBSERVATION
                                   6962     1735     1403     1081      947      933     1705      905 |     15671
                                   1207      507      502      377      354      386      684      311 |      4328
                                    967      481      427      385      336      342      670      282 |      3890
                       OCND2_F      770      419      394      359      370      303      717      286 |      3618
                                    651      440      391      337      354      369      726      309 |      3577
                                    620      444      381      340      396      423      826      317 |      3747
                                    749      637      630      520      587      579     1312      445 |      5459
                                   2399     3805     3973     3872     4199     5147    11430     7003 |     41828

                    SUM           14325     8468     8101     7271     7543     8482    18070     9858 |     82118

