 <pre>

 Contingency table for Low clouds (octas)
 Selection: ALL    143 stations
Period: 20191101-20191114
Used {00} + 01 02 ... 24
 Limits    1.00000000       2.00000000       3.00000000       4.00000000       5.00000000       6.00000000       7.00000000    
 Each class is data <= limit, the very last > last limit
 Total number of values       41125
                                              OBSERVATION
                                   3400      847      610      494      442      398      861      420 |      7472
                                    497      203      195      167      146      176      272      138 |      1794
                                    355      158      161      147      127      114      259      122 |      1443
                       OCND2_T      354      148      165      121      139      149      256      104 |      1436
                                    281      180      142      135      150      136      277      124 |      1425
                                    323      184      206      162      167      160      346      135 |      1683
                                    374      301      246      248      243      265      547      228 |      2452
                                   1466     2169     2290     2128     2324     2819     6250     3974 |     23420

                    SUM            7050     4190     4015     3602     3738     4217     9068     5245 |     41125
                                              OBSERVATION
                                   3507      852      685      522      474      462      870      461 |      7833
                                    565      250      246      169      179      183      353      158 |      2103
                                    453      218      213      193      182      170      327      142 |      1898
                       OCND2_F      369      203      186      179      180      138      365      153 |      1773
                                    318      206      193      176      176      177      354      145 |      1745
                                    303      224      189      177      179      192      402      155 |      1821
                                    375      307      299      239      275      300      656      204 |      2655
                                   1160     1930     2004     1947     2093     2595     5741     3827 |     21297

                    SUM            7050     4190     4015     3602     3738     4217     9068     5245 |     41125

