 <pre>

 Contingency table for Cloud cover (octas)
 Selection: ALL     42 stations
Period: 20191101-20191114
Used {00} + 01 02 ... 24
 Limits   0.500000000       1.50000000       2.50000000       3.50000000       4.50000000       5.50000000       6.50000000       7.50000000    
 Each class is data <= limit, the very last > last limit
 Total number of values        6749
                                                       OBSERVATION
                                     16      194       59       51       29       23       33       25       22 |       452
                                      4       52       46       45       22       23       24       37       12 |       265
                                      3       27       23       24       19       26       29       23       13 |       187
                                      2       21       13       25       18       15       23       29       10 |       156
                       OCND2_T        4       18       16       23       19       14       25       34       14 |       167
                                      2       19       17       15       21       26       25       46       11 |       182
                                      0       20       26       19       21       26       23       61       21 |       217
                                      2       37       30       27       29       41       55      111       33 |       365
                                      6       90      109      171      158      270      477     1564     1913 |      4758

                    SUM              39      478      339      400      336      464      714     1930     2049 |      6749
                                                       OBSERVATION
                                     11      165       51       45       24       13       20       14       16 |       359
                                     10       59       43       28       14       18       20       34        9 |       235
                                      3       36       26       25       15       19       22       34        6 |       186
                                      1       15       19       23       13       20       24       29        8 |       152
                       OCND2_F        4       18       13       23       17       20       17       37       11 |       160
                                      1       28       19       14       15       15       29       45       15 |       181
                                      1       29       19       15       19       25       35       55       13 |       211
                                      2       27       28       32       27       29       68       95       35 |       343
                                      6      101      121      195      192      305      479     1587     1936 |      4922

                    SUM              39      478      339      400      336      464      714     1930     2049 |      6749

