 <pre>

 Contingency table for Cloud cover (octas)
 Selection: ALL     42 stations
Period: 20191101-20191114
Used {00,12} + 01 02 ... 24
 Limits   0.500000000       1.50000000       2.50000000       3.50000000       4.50000000       5.50000000       6.50000000       7.50000000    
 Each class is data <= limit, the very last > last limit
 Total number of values       13500
                                                       OBSERVATION
                                     39      398      124       95       45       60       62       57       54 |       934
                                      8      127       91       79       48       47       58       80       21 |       559
                                      5       64       46       50       36       45       54       60       25 |       385
                                      5       45       27       51       39       29       45       62       26 |       329
                       OCND2_T        7       33       37       45       34       37       59       71       22 |       345
                                      5       38       39       35       38       50       60       83       18 |       366
                                      4       43       48       48       37       54       54      110       44 |       442
                                      4       69       53       61       68       79      106      219       82 |       741
                                      6      171      220      347      336      543      948     3158     3670 |      9399

                    SUM              83      988      685      811      681      944     1446     3900     3962 |     13500
                                                       OBSERVATION
                                     28      336       97       85       34       35       36       41       40 |       732
                                     21      145       73       54       32       38       44       61       21 |       489
                                      7       64       49       59       34       39       51       63       14 |       380
                                      5       40       50       40       31       37       41       61       15 |       320
                       OCND2_F        4       41       38       41       34       45       42       74       20 |       339
                                      2       49       37       33       33       34       59       90       28 |       365
                                      2       43       37       41       39       54       69      110       39 |       434
                                      3       55       50       59       49       64      123      200       58 |       661
                                     11      215      254      399      395      598      981     3200     3727 |      9780

                    SUM              83      988      685      811      681      944     1446     3900     3962 |     13500

