 <pre>

 Contingency table for Low clouds (octas)
 Selection: Ireland     27 stations
Period: 20191101-20191114
Used {12} + 01 02 ... 24
 Limits    1.00000000       2.00000000       3.00000000       4.00000000       5.00000000       6.00000000       7.00000000    
 Each class is data <= limit, the very last > last limit
 Total number of values        7810
                                              OBSERVATION
                                    823      194      128      116       96      113      199      126 |      1795
                                     96       45       35       30       34       29       62       27 |       358
                                     73       35       37       33       28       30       69       15 |       320
                       OCND2_T       54       36       41       24       30       30       64       25 |       304
                                     62       22       29       32       25       27       74       24 |       295
                                     45       32       35       25       30       29       69       25 |       290
                                     70       58       52       37       50       51      115       45 |       478
                                    278      254      267      247      270      350     1350      954 |      3970

                    SUM            1501      676      624      544      563      659     2002     1241 |      7810
                                              OBSERVATION
                                    877      197      156      125      115      128      232      113 |      1943
                                    115       49       51       37       31       41       78       39 |       441
                                     83       47       33       32       27       38       87       35 |       382
                       OCND2_F       69       31       42       30       37       30       88       27 |       354
                                     57       38       28       32       25       31       91       45 |       347
                                     47       33       28       29       39       42       95       44 |       357
                                     59       56       57       40       50       43      146       70 |       521
                                    194      225      229      219      239      306     1185      868 |      3465

                    SUM            1501      676      624      544      563      659     2002     1241 |      7810

