 <pre>

 Contingency table for Low clouds (octas)
 Selection: Ireland     27 stations
Period: 20191101-20191114
Used {00} + 01 02 ... 24
 Limits    1.00000000       2.00000000       3.00000000       4.00000000       5.00000000       6.00000000       7.00000000    
 Each class is data <= limit, the very last > last limit
 Total number of values        7936
                                              OBSERVATION
                                    816      185      136      106       85      101      220       87 |      1736
                                     85       39       35       33       34       39       76       35 |       376
                                     58       42       19       22       27       27       78       44 |       317
                       OCND2_T       59       26       40       26       31       27       69       37 |       315
                                     54       28       26       30       26       24       68       28 |       284
                                     51       36       41       31       24       25      105       43 |       356
                                     59       43       40       50       49       58      134       75 |       508
                                    238      267      280      243      291      350     1293     1082 |      4044

                    SUM            1420      666      617      541      567      651     2043     1431 |      7936
                                              OBSERVATION
                                    824      203      156      121      100      126      240       92 |      1862
                                    104       41       48       41       37       43      106       51 |       471
                                     77       33       41       40       32       39       85       36 |       383
                       OCND2_F       68       35       31       23       30       12       81       38 |       318
                                     46       36       28       31       30       30       83       44 |       328
                                     59       29       33       32       29       41       94       45 |       362
                                     52       52       44       31       42       49      150       57 |       477
                                    190      237      236      222      267      311     1204     1068 |      3735

                    SUM            1420      666      617      541      567      651     2043     1431 |      7936

