 <pre>

 Contingency table for Low clouds (octas)
 Selection: Ireland     27 stations
Period: 20191101-20191114
Used {00,12} + 01 02 ... 24
 Limits    1.00000000       2.00000000       3.00000000       4.00000000       5.00000000       6.00000000       7.00000000    
 Each class is data <= limit, the very last > last limit
 Total number of values       15746
                                              OBSERVATION
                                   1639      379      264      222      181      214      419      213 |      3531
                                    181       84       70       63       68       68      138       62 |       734
                                    131       77       56       55       55       57      147       59 |       637
                       OCND2_T      113       62       81       50       61       57      133       62 |       619
                                    116       50       55       62       51       51      142       52 |       579
                                     96       68       76       56       54       54      174       68 |       646
                                    129      101       92       87       99      109      249      120 |       986
                                    516      521      547      490      561      700     2643     2036 |      8014

                    SUM            2921     1342     1241     1085     1130     1310     4045     2672 |     15746
                                              OBSERVATION
                                   1701      400      312      246      215      254      472      205 |      3805
                                    219       90       99       78       68       84      184       90 |       912
                                    160       80       74       72       59       77      172       71 |       765
                       OCND2_F      137       66       73       53       67       42      169       65 |       672
                                    103       74       56       63       55       61      174       89 |       675
                                    106       62       61       61       68       83      189       89 |       719
                                    111      108      101       71       92       92      296      127 |       998
                                    384      462      465      441      506      617     2389     1936 |      7200

                    SUM            2921     1342     1241     1085     1130     1310     4045     2672 |     15746

