 <pre>

 Contingency table for Cloud base (m)
 Selection: Ireland     27 stations
Period: 20191101-20191114
Used {00,12} + 03 06 09 12 15 18 21 24
 Limits    70.0000000       150.000000       300.000000       600.000000       1000.00000       1500.00000       2500.00000       5000.00000    
 Each class is data <= limit, the very last > last limit
 Total number of values        4943
                                                       OBSERVATION
                                     64       75       21       18        4        2        2        2        0 |       188
                                     18       49       36       20        0        4        0        0        0 |       127
                                     24       54       91       53       10        7        1        2        0 |       242
                                     18       72      147      312      157       69        7       22        3 |       807
                       OCND2_T       15       34       75      256      327      168       23       40        7 |       945
                                     16       12       42      132      192      187       22       28       16 |       647
                                      9        6       24       74      106       98       25       30        1 |       373
                                      6        7       11       57       79       60       28       65        8 |       321
                                     38       28       32      239      304      301       46      178      127 |      1293

                    SUM             208      337      479     1161     1179      896      154      367      162 |      4943
                                                       OBSERVATION
                                     80       86       28       31        2        5        2        2        0 |       236
                                     18       53       41       17        4        4        0        1        0 |       138
                                     18       50      103       59       12       16        0        7        0 |       265
                                     20       55      119      304      122       72       12       17        3 |       724
                       OCND2_F       11       31       72      210      307      140       17       26        5 |       819
                                      9       21       39       99      170      119        9       12        9 |       487
                                      8        6       20       50       67       53       15       21        2 |       242
                                      9       10       14      104      138      107       48       97       12 |       539
                                     35       25       43      287      357      380       51      184      131 |      1493

                    SUM             208      337      479     1161     1179      896      154      367      162 |      4943

